1998 model_file/iv_plda/1998.iv_plda -9.126908569335937 9.043765933736845
3528 model_file/iv_plda/3528.iv_plda -6.314610460069445 4.7313755344255926
6432 model_file/iv_plda/6432.iv_plda -9.214520568847655 12.662557386303305
8131 model_file/iv_plda/8131.iv_plda -11.201758795844183 13.834659098108572
8254 model_file/iv_plda/8254.iv_plda -5.745039672851562 8.564509186477446
4323 model_file/iv_plda/4323.iv_plda -11.602104322645399 11.022293277719765
6841 model_file/iv_plda/6841.iv_plda -10.474002143012152 11.868164255672065
700 model_file/iv_plda/700.iv_plda -10.649361979166667 9.231542459629491
7902 model_file/iv_plda/7902.iv_plda -7.464412434895833 11.364763807334258
8188 model_file/iv_plda/8188.iv_plda -5.966723971896702 5.294976627362331
